J-c	J-itc	J-pc	J-poal	J-rh	J-ta	J-taa	J-tamb	J-tap	J-tb	J-te	J-tgb	J-tit	J-to	J-toh	J-tots	J-tr	J-tsf	J-tsop	J-tsotp	J-ttm	J-twotd	J-waw	J-wmk	J-ws	T-acyikac	T-adbds	T-ata	T-cfma	T-cs	T-fteajatw	T-ia	T-lotm	T-proja	T-ri	T-snao	T-tac	T-taohf	T-taots	T-tet	T-tgaatot	T-tms	T-tpatp	T-tsa	T-tsd	T-ttopw
J-c	0	21.9630324687136	16.0890672010288	12.4774118804512	18.9128808808819	16.717994671604	20.2826933952287	18.7769874787769	20.1224941727438	14.8640887374391	15.2880748431375	22.0152211438491	25.5123624418503	20.6135098455346	20.4390501434645	18.3069984172069	15.068283093264	21.7090102819767	15.6217867220833	22.0433152135092	14.2937720107513	20.6419259255687	22.0404812837687	21.617259117416	11.8987660778348	63.7543580653172	58.8158430728587	64.0937976921154	57.7487063425471	51.9259396750792	65.4285047207084	64.8888311759364	61.6900739568123	62.7591108434378	63.4121247332085	55.4516054973526	55.8249361835248	71.1298664618216	64.1722813243378	51.2907848294137	49.9101633248359	62.0292605853724	63.8352460836015	68.4059386257101	62.7835593746669	52.8516877997589
J-itc	21.9630324687136	0	20.3904547083108	26.129885903012	27.2486261627447	24.1943094037234	26.6646518686597	23.1239371518977	23.4113863242134	19.8634148332601	22.7959866796807	20.6099353868067	27.2480236657889	23.4133640422156	28.5189680446508	19.0240252631858	22.8708980459843	25.7711162771745	20.7346474526516	23.3707295534391	20.2771633954818	22.6569864543973	31.6835641231432	20.8951215150762	25.4709862125018	63.2075724319981	58.2690574395396	63.5470120587963	57.2019207092279	52.9719299497963	64.9799812608697	64.3420455426173	61.1432883234932	62.2123252101187	62.8653390998894	54.9048198640336	55.528444162613	70.1801967733709	63.6254956910187	51.2609257931244	49.3042181000714	61.9225671195206	63.1345977522296	68.133335822207	63.020532700291	52.3049021664398
J-pc	16.0890672010288	20.3904547083108	0	14.0525000497893	17.0215398467028	14.2005693020515	25.0017349500971	19.5359839603426	18.446761806033	9.75358717641367	14.1027110239867	23.209924396041	22.950741257339	22.0798523607654	24.2355248785417	16.6715691131771	15.2969888354041	26.2033272278874	13.651185319995	20.0521586244895	9.18263054950504	21.9809824593071	20.0311134716805	20.2132923139192	16.2025815316404	60.488291792781	55.5497768003224	60.8277314195792	54.4826400700108	47.948866099994	62.1624384481722	61.6227649034002	58.4240076842761	59.4930445709015	60.1460584606723	52.1855392248165	52.3100233613314	67.5140906391489	60.9062150518015	48.0839620090496	46.5849374608542	58.6284600158162	60.3250113900791	65.1398723531738	59.5174931021306	49.5856215272227
J-poal	12.4774118804512	26.129885903012	14.0525000497893	0	22.5917794796558	19.9737690308937	19.2771851452388	18.4831953270427	17.0453580448962	12.7952121090419	15.1634838959672	19.8730271163842	25.94888833532	20.3387317248346	17.3987666142548	19.194524950679	14.5214641246232	20.2519821756788	13.12868769017	22.6242589639839	14.5429439353127	19.5046294804502	23.6779822099043	19.1502738319352	9.84970863287562	69.2876445622637	64.3491295698051	69.6270841890619	63.2819928394935	55.5297419185069	70.9617912176549	70.4221176728829	67.2233604537588	68.2923973403842	68.945411230155	60.9848919942991	61.1093761308141	76.6545748140159	69.7055678212842	56.8923553974117	55.3842902303369	67.0345754540399	69.1243641595618	73.9392251226566	68.3168458716134	58.3849742967054
J-rh	18.9128808808819	27.2486261627447	17.0215398467028	22.5917794796558	0	12.7637757426745	32.0311679420627	29.7733633441878	24.5315471418242	21.8364735540662	17.0586808982622	34.3108283578175	32.7758235159453	30.98589754468	32.3493480977692	24.4845328874245	25.1122651128405	36.1153279450903	24.3812476627484	31.112502234121	18.769155637049	34.3539637935205	14.3935077132051	30.8374631710011	22.8146627613287	47.8363375108494	43.5318782332513	47.9017728044538	41.567136476821	39.558412040833	49.2632170951159	48.6968062882748	45.4980490691507	46.5670859557761	47.2810772862915	39.259580609691	39.8336012402885	54.646110055768	47.9802564366761	36.6148714900704	33.9017005597373	46.5708770027602	48.3581989354775	52.2139137380485	47.1619833147681	36.6596629120973
J-ta	16.717994671604	24.1943094037234	14.2005693020515	19.9737690308937	12.7637757426745	0	28.623799847567	27.3151038573152	20.1855504182386	17.5107155127123	15.2239310073577	31.692875984917	29.7242006654779	28.0503191882516	31.5097143067654	20.0136432029403	21.7802523849945	32.6683674444233	22.201370930329	27.1742920272379	15.7117697285272	31.2595759968426	15.3005648855019	28.2756389877039	19.481324326297	50.5601023465022	45.6215873540437	50.8995419733004	44.554450623732	43.3232061616921	52.2877397619291	51.6945754571214	48.4958182379973	49.5648551246227	50.2178690143935	42.2573497785377	42.4666754791196	57.5372499735838	50.9780256055228	39.3198490667534	36.6567480145755	48.5474017592223	50.3968219438004	55.4205816352793	50.1479621646347	39.6574320809439
J-taa	20.2826933952287	26.6646518686597	25.0017349500971	19.2771851452388	32.0311679420627	28.623799847567	0	15.7018790993914	22.2979471731321	23.2636458737951	24.0951815097085	17.9478842154239	23.042709646414	16.1666443561023	16.9927419301437	26.0023768515329	20.2749454209021	17.9855901753171	19.1169532091129	19.570040767266	22.0378199727881	16.5528605119769	30.7695638445995	16.1378288377044	20.231302456954	75.7220537758908	70.7835387834322	76.061493402689	69.7164020531206	61.6062337863133	77.396200431282	76.8565268865099	73.6577696673859	74.7268065540113	75.3798204437821	67.4193012079262	67.5437853444412	82.6946781172635	76.3830836961613	63.1437012381802	61.818699443964	73.8286727803287	75.5587733731889	80.3736343362836	74.7512550852404	64.8491917995184
J-tamb	18.7769874787769	23.1239371518977	19.5359839603426	18.4831953270427	29.7733633441878	27.3151038573152	15.7018790993914	0	24.3576646403054	18.3994857416452	23.671299631453	12.868748543956	17.7845623360685	15.9322440382646	16.8775287588622	19.7000346216626	18.4860355088931	15.547981758623	14.1687378426418	15.2504100363382	18.4803509496764	12.5328935480457	28.976725841777	14.8627327965805	20.6820837038079	73.7802456367735	68.8417306443149	74.1196852635717	67.7745939140033	59.9058264925716	75.4543922921648	74.9147187473926	71.7159615282686	72.784998414894	73.4380123046648	65.4774930688089	65.601977205324	80.7528699781463	74.2430575731996	61.2018930990629	59.8869148226833	71.723914751265	73.6169652340716	78.4318261971664	72.8094469461232	62.8775753712152
J-tap	20.1224941727438	23.4113863242134	18.446761806033	17.0453580448962	24.5315471418242	20.1855504182386	22.2979471731321	24.3576646403054	0	15.6924911187266	17.9839917632106	25.620910440375	29.4906875661977	26.2072288980362	25.62236973044	22.0039892172387	19.4507743232487	25.3044720139695	20.744897216099	25.6527487156028	17.3363467372515	22.9739956882272	24.6641643336393	19.6707890717635	20.4127469422358	64.2850398814782	59.2776441574731	64.5555987767299	58.2105074271615	52.6502281484712	65.890305805323	65.3506322605509	62.1518750414268	63.2209119280522	63.873925817823	55.9134065819671	56.0378907184822	71.1887834913044	64.6340824089522	53.2640407230298	50.3916505189468	62.005383866085	64.0528787472299	68.8677397103245	63.375119614084	53.6830003671462
J-tb	14.8640887374391	19.8634148332601	9.75358717641367	12.7952121090419	21.8364735540662	17.5107155127123	23.2636458737951	18.3994857416452	15.6924911187266	0	15.7093314408823	20.1203631997618	23.4545171351411	21.4314834572197	20.715911863676	16.3709991461251	12.5654747904279	21.8029937468454	11.0666495728832	19.808253993477	10.2131400001439	19.0328307012591	22.5869196094446	17.440969313809	14.9121730618631	65.1243076923008	60.1857926998422	65.463747319099	59.1186559695306	52.4969817661415	66.798454347692	66.2587808029199	63.0600235837959	64.1290604704213	64.7820743601921	56.8215551243362	56.9460392608512	72.0969320336735	65.5422309513213	53.1848392537732	51.220953360374	62.9424697116074	64.9610272895989	69.7758882526936	64.1535090016504	54.2216374267425
J-te	15.2880748431375	22.7959866796807	14.1027110239867	15.1634838959672	17.0586808982622	15.2239310073577	24.0951815097085	23.671299631453	17.9839917632106	15.7093314408823	0	25.8369583717001	29.8313877686584	25.3155945249477	24.0936679516157	19.5224719892698	15.9485699510526	26.320460279614	16.454696804048	26.2232515643417	16.6384674781013	25.0405770821943	21.2004724871554	22.4061279972539	14.8332136397205	60.2862335290452	55.3477185365866	60.6256731558434	54.280581806275	47.9488961826469	61.9603801844364	61.4207066396643	58.2219494205403	59.2909863071657	59.9440001969364	51.9834809610806	52.1079650975957	67.3131696477672	60.7041567880657	47.9527309765723	46.3828791971184	58.1338572176163	60.1229531263433	64.937814089438	59.3154348383949	49.600752687362
J-tgb	22.0152211438491	20.6099353868067	23.209924396041	19.8730271163842	34.3108283578175	31.692875984917	17.9478842154239	12.868748543956	25.620910440375	20.1203631997618	25.8369583717001	0	20.4404115584838	17.8409217897354	18.9228104175152	22.2191358674307	18.4627743983587	14.7323562890346	16.9407710172198	15.7848480971629	21.4057782442027	10.445876885417	34.2479544797621	14.3234626586467	21.3397844306563	79.3626403954547	74.4241254029961	79.7020800222529	73.3569886726845	65.2468204058772	81.0367870508459	80.4971135060738	77.2983562869498	78.3673931735752	79.0320090754003	71.2149273191356	71.1843719640051	86.3352647368274	79.7805636544752	66.784287857744	65.4592860635279	77.9279231411726	79.1993599927528	84.0142209558475	78.3918417048043	68.4599701298964
J-tit	25.5123624418503	27.2480236657889	22.950741257339	25.94888833532	32.7758235159453	29.7242006654779	23.042709646414	17.7845623360685	29.4906875661977	23.4545171351411	29.8313877686584	20.4404115584838	0	18.0982300464091	27.8389210634262	24.8216915634156	25.8408916429999	22.0662636694692	23.5043203931434	14.2274986701319	22.3442283955811	19.2285657209538	31.4170947638662	22.6001731974279	26.1686097167253	69.4714243176158	64.3560348238012	69.2343123067483	62.88922095718	55.4729632455235	70.5690193353414	70.3746454090093	66.8305885714452	67.8996254580707	69.166490378966	61.3748411158388	60.7166042485006	76.9680394941604	70.0977113702708	57.2617782873395	55.0740756614432	68.0624044447382	68.7315922772483	74.1940366815087	67.9861399053181	58.5784492400693
J-to	20.6135098455346	23.4133640422156	22.0798523607654	20.3387317248346	30.98589754468	28.0503191882516	16.1666443561023	15.9322440382646	26.2072288980362	21.4314834572197	25.3155945249477	17.8409217897354	18.0982300464091	0	18.7944096209713	22.3288916440107	22.3951331970999	17.6661566984829	18.6507396167277	16.1925056219906	19.871939928189	18.4539345221753	30.2341897639428	21.1391990393617	21.0560665871135	72.7851210774212	67.8466060849626	73.1245607042193	66.7794693546509	58.7875632174885	74.4592677328123	73.9195941880403	70.7208369689162	71.7898738555416	72.4428877453124	64.4823685094565	64.8254634365896	80.4758931375035	74.1712905856456	60.2067685397105	58.8817667454943	70.5320519691973	72.6218406747192	77.5357275484725	71.8143223867708	62.6373986890027
J-toh	20.4390501434645	28.5189680446508	24.2355248785417	17.3987666142548	32.3493480977692	31.5097143067654	16.9927419301437	16.8775287588622	25.62236973044	20.715911863676	24.0936679516157	18.9228104175152	27.8389210634262	18.7944096209713	0	25.7399144231996	20.5117268841584	17.2708091261201	17.1149050982419	22.3140273287621	22.0790173540982	17.2385644021064	32.2556943169522	17.5877899436608	18.3554061935253	79.5469668507952	74.6084518583367	79.8864064775934	73.541315128025	65.7698884322138	81.2211135061865	80.6814399614144	77.4826827422903	78.5517196289157	79.2047335186865	71.2442142828307	71.3686984193457	86.519591192168	79.9648901098157	66.9686143130846	65.6436125188685	77.2938977425714	79.3836864480934	84.1985474111881	78.5761681601449	68.644296585237
J-tots	18.3069984172069	19.0240252631858	16.6715691131771	19.194524950679	24.4845328874245	20.0136432029403	26.0023768515329	19.7000346216626	22.0039892172387	16.3709991461251	19.5224719892698	22.2191358674307	24.8216915634156	22.3288916440107	25.7399144231996	0	23.3431567102091	23.3889918028747	17.3759513338457	24.1015188268172	17.9885945201592	22.6563316277901	25.4999188032561	19.9856610267658	20.0842902990413	64.0712187747833	59.1327037823248	64.606359399025	58.5509892378222	54.1345531435601	65.7453654301745	65.2056918854025	62.0069346662784	63.0759715529038	63.7784999875557	56.1174662023711	55.8929503433338	71.043843116156	64.4891420338038	52.1795677420848	50.2972869121469	61.9130462219819	63.9079383720814	68.8307942107151	63.3110589696468	53.3940863830141
J-tr	15.068283093264	22.8708980459843	15.2969888354041	14.5214641246232	25.1122651128405	21.7802523849945	20.2749454209021	18.4860355088931	19.4507743232487	12.5654747904279	15.9485699510526	18.4627743983587	25.8408916429999	22.3951331970999	20.5117268841584	23.3431567102091	0	22.2931048655136	15.7723186980726	21.8233824380069	12.1063598611727	18.6663524215311	26.6182813880336	16.6692407205937	16.2553426128553	68.4261003712348	63.4875853787762	68.765539998033	62.6081800392405	54.797597847349	70.100247026626	69.560573481854	66.3618162627299	67.4308531493553	68.0838670391261	60.1233478032702	60.2478319397853	75.5856853119993	68.8440236302553	56.1057153027293	54.522746039308	66.9389760919372	68.262819968533	73.0776809316277	67.4553016805845	57.5234301056765
J-tsf	21.7090102819767	25.7711162771745	26.2033272278874	20.2519821756788	36.1153279450903	32.6683674444233	17.9855901753171	15.547981758623	25.3044720139695	21.8029937468454	26.320460279614	14.7323562890346	22.0662636694692	17.6661566984829	17.2708091261201	23.3889918028747	22.2931048655136	0	19.491644291873	19.8044889844231	24.2045191201736	12.5683621311194	36.5116582209804	17.0973011588632	21.5250120089444	80.3885614026553	75.4500464101967	80.7280010294535	74.3829096798851	66.805757421787	82.0627080580465	81.5230345132745	78.3242772941504	79.3933141807758	80.0463280705466	72.0858088346907	72.2102929712057	87.361185744028	80.8064846616758	67.894040774314	66.4852070707285	78.1662171562912	80.2252809999534	85.0401419630481	79.4177627120049	69.485891137097
J-tsop	15.6217867220833	20.7346474526516	13.651185319995	13.12868769017	24.3812476627484	22.201370930329	19.1169532091129	14.1687378426418	20.744897216099	11.0666495728832	16.454696804048	16.9407710172198	23.5043203931434	18.6507396167277	17.1149050982419	17.3759513338457	15.7723186980726	19.491644291873	0	20.0389767762141	14.1036447056374	17.4875105595675	26.1173450923056	14.6943820527605	14.9352575706793	70.9630241995796	66.024509207121	71.3024638263778	64.9573724768094	57.5671773846212	72.6371708549708	72.0974973101987	68.8987400910747	69.9677769777001	70.6207908674709	62.660271631615	62.7847557681301	77.9356485409523	71.3809474586001	58.384671661869	57.0596698676529	68.7099550913558	70.7997437968778	75.6146047599725	69.9922255089293	60.0603539340213
J-tsotp	22.0433152135092	23.3707295534391	20.0521586244895	22.6242589639839	31.112502234121	27.1742920272379	19.570040767266	15.2504100363382	25.6527487156028	19.808253993477	26.2232515643417	15.7848480971629	14.2274986701319	16.1925056219906	22.3140273287621	24.1015188268172	21.8233824380069	19.8044889844231	20.0389767762141	0	18.5788952847447	16.0561719995092	31.3196763145678	20.402021664395	22.639917279812	70.819788741249	65.7972410057705	70.2327686948746	64.1513615994126	55.777509078499	71.5674757234677	71.702704883363	67.8290449595715	68.898081846197	70.5148548025992	62.6977730463345	61.7150606366269	77.1569714006599	71.340762769826	57.5089219823105	55.9899747361497	69.4107688683715	69.7300486653746	74.5449096284693	69.3345043289513	60.0123100500501
J-ttm	14.2937720107513	20.2771633954818	9.18263054950504	14.5429439353127	18.769155637049	15.7117697285272	22.0378199727881	18.4803509496764	17.3363467372515	10.2131400001439	16.6384674781013	21.4057782442027	22.3442283955811	19.871939928189	22.0790173540982	17.9885945201592	12.1063598611727	24.2045191201736	14.1036447056374	18.5788952847447	0	21.1631546353047	20.8318313541299	18.3133055206363	16.6207425426205	61.4702983711706	56.531783378712	61.8097379979688	55.6217000446676	48.3820081861483	63.1444450265618	62.6047714817897	59.4060142626657	60.4750511492911	61.1280650390618	53.167545803206	53.292029939721	68.5752101801047	61.8882216301911	49.2071390832147	47.5669440392438	59.9524960973643	61.3070179684687	66.1218789315634	60.4994996805203	50.5676281056123
J-twotd	20.6419259255687	22.6569864543973	21.9809824593071	19.5046294804502	34.3539637935205	31.2595759968426	16.5528605119769	12.5328935480457	22.9739956882272	19.0328307012591	25.0405770821943	10.445876885417	19.2285657209538	18.4539345221753	17.2385644021064	22.6563316277901	18.6663524215311	12.5683621311194	17.4875105595675	16.0561719995092	21.1631546353047	0	33.1996609712351	12.7826154877483	21.2398696921606	78.7745068418136	73.835991849355	79.1139464686118	72.7688551190434	66.0268578506693	80.4486534972048	79.9089799524327	76.7102227333087	77.7792596199341	78.4322735097049	70.471754273849	70.596238410364	85.7471311831863	79.1924301008341	66.196154304103	64.8711525098868	76.6454247365203	78.6112264391117	83.4260874022064	77.8037081511632	67.8718365762553
J-waw	22.0404812837687	31.6835641231432	20.0311134716805	23.6779822099043	14.3935077132051	15.3005648855019	30.7695638445995	28.976725841777	24.6641643336393	22.5869196094446	21.2004724871554	34.2479544797621	31.4170947638662	30.2341897639428	32.2556943169522	25.4999188032561	26.6182813880336	36.5116582209804	26.1173450923056	31.3196763145678	20.8318313541299	33.1996609712351	0	30.7489928874664	24.6704549994632	48.4099315301991	43.5098833859617	48.7493711569973	42.4887873225171	38.3349289495415	50.0840781855903	49.5444046408182	46.3456474216942	47.5298905522978	48.0676981980904	40.4322168212299	40.7473213173537	55.3825558715718	48.8278547892196	36.9274353086082	35.1612344382669	46.4772668304074	48.6596908954672	53.0615120905919	47.4391328395487	38.0499172526879
J-wmk	21.617259117416	20.8951215150762	20.2132923139192	19.1502738319352	30.8374631710011	28.2756389877039	16.1378288377044	14.8627327965805	19.6707890717635	17.440969313809	22.4061279972539	14.3234626586467	22.6001731974279	21.1391990393617	17.5877899436608	19.9856610267658	16.6692407205937	17.0973011588632	14.6943820527605	20.402021664395	18.3133055206363	12.7826154877483	30.7489928874664	0	22.0304197840597	75.7635787315884	70.8250637391298	76.1030183583866	69.7579270088182	62.3530014115127	77.4377253869796	76.8980518422075	73.6992946230835	74.7683315097089	75.4213453994796	67.4608261636238	67.5853103001388	82.7362030729611	76.1815019906089	63.3302634579731	62.0641679212318	73.7020262285624	75.6002983288865	80.4151592919812	74.792780040938	64.8609084660301
J-ws	11.8987660778348	25.4709862125018	16.2025815316404	9.84970863287562	22.8146627613287	19.481324326297	20.231302456954	20.6820837038079	20.4127469422358	14.9121730618631	14.8332136397205	21.3397844306563	26.1686097167253	21.0560665871135	18.3554061935253	20.0842902990413	16.2553426128553	21.5250120089444	14.9352575706793	22.639917279812	16.6207425426205	21.2398696921606	24.6704549994632	22.0304197840597	0	67.5854222533966	62.646907260938	67.9248618801948	61.5797705306264	54.5721033360272	69.2595689087878	68.7198953640157	65.5211381448917	66.5901750315171	67.2431889212878	59.282669685432	59.407153821947	75.0255435641087	68.0033455124171	55.0070697156859	53.6820679214698	65.6030769540343	67.4221418506947	72.2370028137894	66.6146235627462	56.6827519878383
T-acyikac	63.7543580653172	63.2075724319981	60.488291792781	69.2876445622637	47.8363375108494	50.5601023465022	75.7220537758908	73.7802456367735	64.2850398814782	65.1243076923008	60.2862335290452	79.3626403954547	69.4714243176158	72.7851210774212	79.5469668507952	64.0712187747833	68.4261003712348	80.3885614026553	70.9630241995796	70.819788741249	61.4702983711706	78.7745068418136	48.4099315301991	75.7635787315884	67.5854222533966	0	20.8208952423699	16.0778201710993	17.4619122087464	29.1249849279518	19.9005861240414	17.5339384822543	14.2504032061855	15.2718992330558	13.0487073241137	15.7291363383039	17.0645182023063	21.6264556786927	17.2272392872112	21.6873146941884	19.9639026280123	20.6595386445065	16.6186718297382	18.7642914279432	19.1956069311241	18.7204351989178
T-adbds	58.8158430728587	58.2690574395396	55.5497768003224	64.3491295698051	43.5318782332513	45.6215873540437	70.7835387834322	68.8417306443149	59.2776441574731	60.1857926998422	55.3477185365866	74.4241254029961	64.3560348238012	67.8466060849626	74.6084518583367	59.1327037823248	63.4875853787762	75.4500464101967	66.024509207121	65.7972410057705	56.531783378712	73.835991849355	43.5098833859617	70.8250637391298	62.646907260938	20.8208952423699	0	20.415265261397	17.4411162797326	29.3709406782975	23.1628745738019	20.9125965315038	19.9486120231042	21.5556310167242	18.8353378875011	17.721940501434	19.573570258075	22.2529013360424	19.172470742728	20.0150733775868	18.1628424258147	24.0832895050837	22.8515040087273	18.6072532545653	19.7504659034986	19.618760129224
T-ata	64.0937976921154	63.5470120587963	60.8277314195792	69.6270841890619	47.9017728044538	50.8995419733004	76.061493402689	74.1196852635717	64.5555987767299	65.463747319099	60.6256731558434	79.7020800222529	69.2343123067483	73.1245607042193	79.8864064775934	64.606359399025	68.765539998033	80.7280010294535	71.3024638263778	70.2327686948746	61.8097379979688	79.1139464686118	48.7493711569973	76.1030183583866	67.9248618801948	16.0778201710993	20.415265261397	0	16.8459305907835	25.9314741654926	14.1812823820777	18.0087801408409	11.8617072011976	12.9787865547407	15.5960801596293	14.9239552530308	17.6303735703313	19.8811891184694	15.6575208991232	19.8541311100178	17.5000263094714	23.5946845930794	21.683888737005	19.9626257168796	22.6801694071659	19.3418945275853
T-cfma	57.7487063425471	57.2019207092279	54.4826400700108	63.2819928394935	41.567136476821	44.554450623732	69.7164020531206	67.7745939140033	58.2105074271615	59.1186559695306	54.280581806275	73.3569886726845	62.88922095718	66.7794693546509	73.541315128025	58.5509892378222	62.6081800392405	74.3829096798851	64.9573724768094	64.1513615994126	55.6217000446676	72.7688551190434	42.4887873225171	69.7579270088182	61.5797705306264	17.4619122087464	17.4411162797326	16.8459305907835	0	22.8029521528004	18.913890020433	16.2651514856744	16.0581772897407	14.8050674003966	14.9751514589962	14.4775849898224	18.1829402510529	21.299820644727	17.7501335668206	16.4251640593891	14.1966600663021	18.5007862734441	19.9406681217244	21.2865772648567	19.8533134429516	13.281995520883
T-cs	51.9259396750792	52.9719299497963	47.948866099994	55.5297419185069	39.558412040833	43.3232061616921	61.6062337863133	59.9058264925716	52.6502281484712	52.4969817661415	47.9488961826469	65.2468204058772	55.4729632455235	58.7875632174885	65.7698884322138	54.1345531435601	54.797597847349	66.805757421787	57.5671773846212	55.777509078499	48.3820081861483	66.0268578506693	38.3349289495415	62.3530014115127	54.5721033360272	29.1249849279518	29.3709406782975	25.9314741654926	22.8029521528004	0	20.7313797352458	25.7712308268334	26.5030865847693	28.1506825309896	26.7653396709115	22.2673034888844	24.4090966686093	32.9302965715381	31.4357986500268	25.848079782094	23.3653598017795	35.0248111258587	26.7936835827402	30.8030613807347	27.8068126387797	25.3135243968831
T-fteajatw	65.4285047207084	64.9799812608697	62.1624384481722	70.9617912176549	49.2632170951159	52.2877397619291	77.396200431282	75.4543922921648	65.890305805323	66.798454347692	61.9603801844364	81.0367870508459	70.5690193353414	74.4592677328123	81.2211135061865	65.7453654301745	70.100247026626	82.0627080580465	72.6371708549708	71.5674757234677	63.1444450265618	80.4486534972048	50.0840781855903	77.4377253869796	69.2595689087878	19.9005861240414	23.1628745738019	14.1812823820777	18.913890020433	20.7313797352458	0	14.9556006480002	13.3690317033075	18.2910760727398	15.3272317888444	18.035806974257	21.4494845056475	23.7677737233544	22.4990218251168	22.6751527891669	20.2287385237361	24.2773574667609	22.1047313019663	21.2360865788513	24.1837824699958	23.9581167587279
T-ia	64.8888311759364	64.3420455426173	61.6227649034002	70.4221176728829	48.6968062882748	51.6945754571214	76.8565268865099	74.9147187473926	65.3506322605509	66.2587808029199	61.4207066396643	80.4971135060738	70.3746454090093	73.9195941880403	80.6814399614144	65.2056918854025	69.560573481854	81.5230345132745	72.0974973101987	71.702704883363	62.6047714817897	79.9089799524327	49.5444046408182	76.8980518422075	68.7198953640157	17.5339384822543	20.9125965315038	18.0087801408409	16.2651514856744	25.7712308268334	14.9556006480002	0	13.5424694091614	18.1477630763968	12.0698869141053	15.9689514706893	22.3765555713682	22.1910458706871	18.7845771891379	21.7789740451273	17.4899665650353	25.9267566070793	19.9348108702067	21.8344007698681	21.0283149040861	20.1937757953358
T-lotm	61.6900739568123	61.1432883234932	58.4240076842761	67.2233604537588	45.4980490691507	48.4958182379973	73.6577696673859	71.7159615282686	62.1518750414268	63.0600235837959	58.2219494205403	77.2983562869498	66.8305885714452	70.7208369689162	77.4826827422903	62.0069346662784	66.3618162627299	78.3242772941504	68.8987400910747	67.8290449595715	59.4060142626657	76.7102227333087	46.3456474216942	73.6992946230835	65.5211381448917	14.2504032061855	19.9486120231042	11.8617072011976	16.0581772897407	26.5030865847693	13.3690317033075	13.5424694091614	0	15.5067871776285	11.6837610911517	14.3087848903926	18.8466669503995	21.8378138932486	17.7666435394259	18.4052753619324	15.3053821102892	21.2678530827947	19.1970599213764	20.6759489807117	21.3276791022739	18.747793756446
T-proja	62.7591108434378	62.2123252101187	59.4930445709015	68.2923973403842	46.5670859557761	49.5648551246227	74.7268065540113	72.784998414894	63.2209119280522	64.1290604704213	59.2909863071657	78.3673931735752	67.8996254580707	71.7898738555416	78.5517196289157	63.0759715529038	67.4308531493553	79.3933141807758	69.9677769777001	68.898081846197	60.4750511492911	77.7792596199341	47.5298905522978	74.7683315097089	66.5901750315171	15.2718992330558	21.5556310167242	12.9787865547407	14.8050674003966	28.1506825309896	18.2910760727398	18.1477630763968	15.5067871776285	0	15.3309337819185	15.7316890685529	17.8777845921505	20.1010585360536	14.9909153247884	21.9430015051495	18.197627764768	18.4425681893026	18.6816124288567	21.4207565599174	21.6041756221355	17.0124815801374
T-ri	63.4121247332085	62.8653390998894	60.1460584606723	68.945411230155	47.2810772862915	50.2178690143935	75.3798204437821	73.4380123046648	63.873925817823	64.7820743601921	59.9440001969364	79.0320090754003	69.166490378966	72.4428877453124	79.2047335186865	63.7784999875557	68.0838670391261	80.0463280705466	70.6207908674709	70.5148548025992	61.1280650390618	78.4322735097049	48.0676981980904	75.4213453994796	67.2431889212878	13.0487073241137	18.8353378875011	15.5960801596293	14.9751514589962	26.7653396709115	15.3272317888444	12.0698869141053	11.6837610911517	15.3309337819185	0	14.9117656438953	20.5395571082826	20.5308769555189	16.7011351687609	20.5098446801442	16.1195719268431	21.815490528184	16.8914732700313	17.6012922257911	19.2716749174265	17.6429626385976
T-snao	55.4516054973526	54.9048198640336	52.1855392248165	60.9848919942991	39.259580609691	42.2573497785377	67.4193012079262	65.4774930688089	55.9134065819671	56.8215551243362	51.9834809610806	71.2149273191356	61.3748411158388	64.4823685094565	71.2442142828307	56.1174662023711	60.1233478032702	72.0858088346907	62.660271631615	62.6977730463345	53.167545803206	70.471754273849	40.4322168212299	67.4608261636238	59.282669685432	15.7291363383039	17.721940501434	14.9239552530308	14.4775849898224	22.2673034888844	18.035806974257	15.9689514706893	14.3087848903926	15.7316890685529	14.9117656438953	0	16.7216227613004	22.3251888738062	20.0451429972551	16.5910195709558	14.3011625092814	24.7037625788733	20.4827154710234	19.8303784889829	18.979467061928	14.7318920402995
T-tac	55.8249361835248	55.528444162613	52.3100233613314	61.1093761308141	39.8336012402885	42.4666754791196	67.5437853444412	65.601977205324	56.0378907184822	56.9460392608512	52.1079650975957	71.1843719640051	60.7166042485006	64.8254634365896	71.3686984193457	55.8929503433338	60.2478319397853	72.2102929712057	62.7847557681301	61.7150606366269	53.292029939721	70.596238410364	40.7473213173537	67.5853103001388	59.407153821947	17.0645182023063	19.573570258075	17.6303735703313	18.1829402510529	24.4090966686093	21.4494845056475	22.3765555713682	18.8466669503995	17.8777845921505	20.5395571082826	16.7216227613004	0	23.6313653536444	18.898256857316	21.5595022393592	17.408054818505	23.2182380489057	17.1241758594172	20.8836572200865	23.6376614145723	21.1117421409904
T-taohf	71.1298664618216	70.1801967733709	67.5140906391489	76.6545748140159	54.646110055768	57.5372499735838	82.6946781172635	80.7528699781463	71.1887834913044	72.0969320336735	67.3131696477672	86.3352647368274	76.9680394941604	80.4758931375035	86.519591192168	71.043843116156	75.5856853119993	87.361185744028	77.9356485409523	77.1569714006599	68.5752101801047	85.7471311831863	55.3825558715718	82.7362030729611	75.0255435641087	21.6264556786927	22.2529013360424	19.8811891184694	21.299820644727	32.9302965715381	23.7677737233544	22.1910458706871	21.8378138932486	20.1010585360536	20.5308769555189	22.3251888738062	23.6313653536444	0	17.6242315375574	26.2097366079366	24.4757705951599	23.9361882468112	25.8911780989711	12.6780524689668	16.8729802887346	25.881031461559
T-taots	64.1722813243378	63.6254956910187	60.9062150518015	69.7055678212842	47.9802564366761	50.9780256055228	76.3830836961613	74.2430575731996	64.6340824089522	65.5422309513213	60.7041567880657	79.7805636544752	70.0977113702708	74.1712905856456	79.9648901098157	64.4891420338038	68.8440236302553	80.8064846616758	71.3809474586001	71.340762769826	61.8882216301911	79.1924301008341	48.8278547892196	76.1815019906089	68.0033455124171	17.2272392872112	19.172470742728	15.6575208991232	17.7501335668206	31.4357986500268	22.4990218251168	18.7845771891379	17.7666435394259	14.9909153247884	16.7011351687609	20.0451429972551	18.898256857316	17.6242315375574	0	23.4938132104628	17.7607731745389	21.5886552028635	17.6714603207088	18.2651400201711	23.8815036711427	17.1824419727671
T-tet	51.2907848294137	51.2609257931244	48.0839620090496	56.8923553974117	36.6148714900704	39.3198490667534	63.1437012381802	61.2018930990629	53.2640407230298	53.1848392537732	47.9527309765723	66.784287857744	57.2617782873395	60.2067685397105	66.9686143130846	52.1795677420848	56.1057153027293	67.894040774314	58.384671661869	57.5089219823105	49.2071390832147	66.196154304103	36.9274353086082	63.3302634579731	55.0070697156859	21.6873146941884	20.0150733775868	19.8541311100178	16.4251640593891	25.848079782094	22.6751527891669	21.7789740451273	18.4052753619324	21.9430015051495	20.5098446801442	16.5910195709558	21.5595022393592	26.2097366079366	23.4938132104628	0	15.8716874669673	24.0318117421768	23.7453135007998	24.375485730345	19.8214778216163	16.8670082124316
T-tgaatot	49.9101633248359	49.3042181000714	46.5849374608542	55.3842902303369	33.9017005597373	36.6567480145755	61.818699443964	59.8869148226833	50.3916505189468	51.220953360374	46.3828791971184	65.4592860635279	55.0740756614432	58.8817667454943	65.6436125188685	50.2972869121469	54.522746039308	66.4852070707285	57.0596698676529	55.9899747361497	47.5669440392438	64.8711525098868	35.1612344382669	62.0641679212318	53.6820679214698	19.9639026280123	18.1628424258147	17.5000263094714	14.1966600663021	23.3653598017795	20.2287385237361	17.4899665650353	15.3053821102892	18.197627764768	16.1195719268431	14.3011625092814	17.408054818505	24.4757705951599	17.7607731745389	15.8716874669673	0	23.1643154123799	20.1345152458556	22.3125378933037	21.9496902263478	15.8851534997322
T-tms	62.0292605853724	61.9225671195206	58.6284600158162	67.0345754540399	46.5708770027602	48.5474017592223	73.8286727803287	71.723914751265	62.005383866085	62.9424697116074	58.1338572176163	77.9279231411726	68.0624044447382	70.5320519691973	77.2938977425714	61.9130462219819	66.9389760919372	78.1662171562912	68.7099550913558	69.4107688683715	59.9524960973643	76.6454247365203	46.4772668304074	73.7020262285624	65.6030769540343	20.6595386445065	24.0832895050837	23.5946845930794	18.5007862734441	35.0248111258587	24.2773574667609	25.9267566070793	21.2678530827947	18.4425681893026	21.815490528184	24.7037625788733	23.2182380489057	23.9361882468112	21.5886552028635	24.0318117421768	23.1643154123799	0	24.986263623536	21.5895807710349	21.331933291428	22.3334321764797
T-tpatp	63.8352460836015	63.1345977522296	60.3250113900791	69.1243641595618	48.3581989354775	50.3968219438004	75.5587733731889	73.6169652340716	64.0528787472299	64.9610272895989	60.1229531263433	79.1993599927528	68.7315922772483	72.6218406747192	79.3836864480934	63.9079383720814	68.262819968533	80.2252809999534	70.7997437968778	69.7300486653746	61.3070179684687	78.6112264391117	48.6596908954672	75.6002983288865	67.4221418506947	16.6186718297382	22.8515040087273	21.683888737005	19.9406681217244	26.7936835827402	22.1047313019663	19.9348108702067	19.1970599213764	18.6816124288567	16.8914732700313	20.4827154710234	17.1241758594172	25.8911780989711	17.6714603207088	23.7453135007998	20.1345152458556	24.986263623536	0	22.5804944870033	23.4519247094951	20.9723517822048
T-tsa	68.4059386257101	68.133335822207	65.1398723531738	73.9392251226566	52.2139137380485	55.4205816352793	80.3736343362836	78.4318261971664	68.8677397103245	69.7758882526936	64.937814089438	84.0142209558475	74.1940366815087	77.5357275484725	84.1985474111881	68.8307942107151	73.0776809316277	85.0401419630481	75.6146047599725	74.5449096284693	66.1218789315634	83.4260874022064	53.0615120905919	80.4151592919812	72.2370028137894	18.7642914279432	18.6072532545653	19.9626257168796	21.2865772648567	30.8030613807347	21.2360865788513	21.8344007698681	20.6759489807117	21.4207565599174	17.6012922257911	19.8303784889829	20.8836572200865	12.6780524689668	18.2651400201711	24.375485730345	22.3125378933037	21.5895807710349	22.5804944870033	0	17.4276383063852	23.4232306885543
T-tsd	62.7835593746669	63.020532700291	59.5174931021306	68.3168458716134	47.1619833147681	50.1479621646347	74.7512550852404	72.8094469461232	63.375119614084	64.1535090016504	59.3154348383949	78.3918417048043	67.9861399053181	71.8143223867708	78.5761681601449	63.3110589696468	67.4553016805845	79.4177627120049	69.9922255089293	69.3345043289513	60.4994996805203	77.8037081511632	47.4391328395487	74.792780040938	66.6146235627462	19.1956069311241	19.7504659034986	22.6801694071659	19.8533134429516	27.8068126387797	24.1837824699958	21.0283149040861	21.3276791022739	21.6041756221355	19.2716749174265	18.979467061928	23.6376614145723	16.8729802887346	23.8815036711427	19.8214778216163	21.9496902263478	21.331933291428	23.4519247094951	17.4276383063852	0	21.7807243268605
T-ttopw	52.8516877997589	52.3049021664398	49.5856215272227	58.3849742967054	36.6596629120973	39.6574320809439	64.8491917995184	62.8775753712152	53.6830003671462	54.2216374267425	49.600752687362	68.4599701298964	58.5784492400693	62.6373986890027	68.644296585237	53.3940863830141	57.5234301056765	69.485891137097	60.0603539340213	60.0123100500501	50.5676281056123	67.8718365762553	38.0499172526879	64.8609084660301	56.6827519878383	18.7204351989178	19.618760129224	19.3418945275853	13.281995520883	25.3135243968831	23.9581167587279	20.1937757953358	18.747793756446	17.0124815801374	17.6429626385976	14.7318920402995	21.1117421409904	25.881031461559	17.1824419727671	16.8670082124316	15.8851534997322	22.3334321764797	20.9723517822048	23.4232306885543	21.7807243268605	0
