DC1423.D1023	DC1423.D1400	DC1423.D19337	DC1423.D40723	DC1423.D564	DC1423.D580	DC1423.D588	DC1423.D650	DC1423.D675	DC1423.D699	DC1423.D700	DC1423.D730	DC1423.D766	DC1423.D821	DC1423.D872	DC1423.D882	DC1423.D883	DC1423.D914	DC1423.D916	DC1423.D917	DC1423.D963	DC1423.D967	DC1423.D968	DC1423.D98	DC1423.Dal2324	DC1423.Dal28198	DC1423.DC1423	DC1423.C1438	DC1423.C155	DC1423.C1586	DC1423.C1587	DC1423.C1588	DC1423.C1621	DC1423.C1622	DC1423.C1623	DC1423.C1624	DC1423.C1626	DC1423.C1627	DC1423.C1628	DC1423.C1629	DC1423.C1630	DC1423.C170	DC1423.C1895	DC1423.C1917	DC1423.C1975	DC1423.C28367	DC1423.C3606	DC1423.C3632	DC1423.C3633	DC1423.C4605	DC1423.C583	DC1423.C7891	DC1423.C7893	DC1423.C7894
D1023	0	30.2950457945428	52.436098835854	49.7637030276105	43.0767652742139	44.045404558318	43.6376605999362	50.2244525110734	38.2138441368929	55.2976703588481	37.4026451809464	39.4288719586509	27.5810967230063	34.8136780090068	38.0810148743963	43.0138580686007	34.1557314668622	44.0038836314708	51.3066319024618	38.9196998749326	29.3779333341938	39.2860097113554	30.4125680318707	38.7661750655304	53.5097339158585	43.6523079999509	65.7020195699348	120.246093525722	109.04495761762	115.910014172056	115.674748573389	85.3686948671435	102.195989673824	118.325505260936	116.568157364935	117.309761383328	88.5513383658583	115.075028810905	110.197448620606	117.935342367065	116.903477403114	109.646614275387	114.797701305921	100.690520535542	114.232679907619	71.4726002007232	88.2028417754435	118.302116177301	111.080163929992	94.7465384929608	115.839168319538	106.314929534877	82.3997501129526	106.248952254375
D1400	30.2950457945428	0	45.552333343491	42.919583615503	35.3582581268658	42.2167156955246	36.5931288524062	51.8299515985205	35.7681925513486	52.7849859093331	31.5264210039054	38.8535089299175	34.003621503757	33.9012610853167	32.9621532847312	40.6000552006529	30.2342151033249	37.4132383822073	50.1377375362791	36.266825339261	30.5866104302845	35.5963094677228	31.7236101583911	32.0925480745852	51.1590327993445	38.4846824332138	62.6741876671794	117.748992106802	105.109886939475	113.130413615185	112.895148016518	83.9442948733363	97.3303223202535	115.545904704065	112.715029995069	114.074765360184	85.9003389850034	112.295428254034	107.754970571813	115.155741810194	114.123876846243	106.867013718516	112.01810074905	96.8426702960389	111.453079350748	63.819162249397	83.2484626639553	115.52251562043	108.300563373121	92.5923390713169	113.059567762667	102.334646179235	79.4220785440518	102.921600862627
D19337	52.436098835854	45.552333343491	0	47.4997720332705	46.2498579462858	57.5478785457176	37.8157010214853	56.0928361879428	42.4490473654244	62.646008132705	46.0991491543044	48.4506346139037	48.9501049026387	47.3705496531483	54.5255433561148	47.4442131704682	43.5431507942546	51.1475819816383	48.1907577927687	47.8962768392625	40.7501150582978	45.6168125081985	44.1117918243669	42.7061012005165	53.3811361948764	42.3377018611955	64.6378460120182	116.759582294363	107.44966282448	112.598148520668	113.107682557646	82.5297753530939	96.8349710260016	114.731040094889	112.628397107793	114.466628376879	87.3094169608549	111.456828280468	108.341737938379	116.59741378715	114.2482261388	108.273670618655	111.179500775484	96.1799104732708	111.432405569494	67.223136851089	86.5740509983398	114.683915646864	107.894637100815	93.6423387075091	112.406037215365	100.661626250353	79.2361845662203	102.913320904198
D40723	49.7637030276105	42.919583615503	47.4997720332705	0	43.3861951162658	50.7641387035816	42.7673161108617	52.972224311341	42.2155675493118	57.2974519362763	42.458401021072	46.5982379950322	43.2561831741619	42.3150926011328	49.9752709752257	49.5933141938924	44.0587883645831	48.2616399018969	48.9127030530007	44.3297027720406	43.0462930643776	36.2490993918416	38.2948234766826	44.4453668591312	57.2823314287896	47.7412098757531	57.3394804718922	107.240021771006	98.9921480650213	104.323569022784	101.954624397934	78.4591991891018	88.9058910610563	105.319499059015	103.645801964216	105.804987151017	79.2845231885919	101.997083183057	97.087330079472	104.870805814574	103.28966407961	96.9707921557232	104.180924845615	87.4814669373313	101.143642096819	62.161323723828	81.7292701482053	106.252305783694	98.4193183126438	86.7844284389121	102.278602398476	91.5942017335692	75.5113666626901	94.0806856368384
D564	43.0767652742139	35.3582581268658	46.2498579462858	43.3861951162658	0	48.9263018915988	40.5526626710796	56.187302823292	38.2083068621665	57.5440960398279	38.8352423059066	44.5406731463582	38.7457043509396	36.6738722883644	45.0181447431637	46.1172923242386	32.8780263592839	45.7376104589238	50.4664463766306	41.8058184582995	33.4714268114914	37.5439625493764	36.7695298993536	39.3837892542367	55.3658607003737	46.2547748065288	59.6255697053864	115.372454923619	102.48394870027	110.277031162593	110.603107614441	83.2655011057395	95.9546311645552	112.692522251473	109.861647542478	111.15042280535	84.9381576138379	109.442045801443	104.983491712861	112.302359357603	111.270494393651	104.182504649745	109.164718296458	93.9078425610176	108.599696898156	67.6408026031203	80.7981641689076	112.678414440321	105.629374793122	91.3852043086684	110.206185310075	100.487250935991	78.1808551577149	100.419009094827
D580	44.045404558318	42.2167156955246	57.5478785457176	50.7641387035816	48.9263018915988	0	53.3999904148858	49.0283760952031	46.0057269035026	53.716762884542	43.3560023280606	39.2067259939861	40.8736738730426	37.7790578830939	45.5056290005346	37.5176196389709	41.8221839720076	48.0557750444604	66.0733426973772	44.7910150973845	38.8703830249299	35.7605305914195	42.0995432610251	43.7709413010115	64.3325701765097	49.0610887262796	69.8970141059524	119.746906178842	107.587202094098	115.891505724865	115.189194259466	90.121399981485	105.006480725959	118.481461885863	115.009076238017	116.70740499422	88.7303045746663	115.071245132598	110.795820323775	117.449788053142	116.926571988502	110.650593032002	114.312146991998	100.0623956279	114.158829702104	72.0436284620997	83.3803012004358	117.816561863378	110.594609616069	98.0298957879007	115.353614005615	109.878616821	83.0377972666681	107.345503038341
D588	43.6376605999362	36.5931288524062	37.8157010214853	42.7673161108617	40.5526626710796	53.3999904148858	0	48.4174953806134	32.7365009004034	59.2878305902986	32.7497121921315	42.872996252746	39.294553636262	38.3336035206475	40.9005531823685	44.0380126344424	37.8170309358784	39.1936504031844	43.1216128222955	36.938086258261	34.892303365677	36.0861928103492	35.2339099715762	38.2322642383964	52.6089029653935	39.9758495573371	61.878657075891	114.475532879565	102.747341663728	110.579344040376	109.635955469239	80.5281672669351	94.4601324683598	112.534168369857	109.792013046482	111.523701055219	83.5851473870723	109.036235706755	104.137084398226	111.896549262915	110.864684298964	103.853083862786	108.758908201771	93.5631059140504	108.686944305401	62.1670014611522	81.5069879733831	112.263323073151	105.041370825842	90.4389346664342	109.800375215388	96.9357786810974	75.9188665329111	99.6199134362841
D650	50.2244525110734	51.8299515985205	56.0928361879428	52.972224311341	56.187302823292	49.0283760952031	48.4174953806134	0	41.3198852750432	55.9588420254923	46.8925095550488	49.0229054998559	50.3457577111098	46.9793981243588	46.5797765259927	47.8952870302752	48.7192770398308	43.6584106758086	60.7925982155289	46.7096052046904	49.4482238438654	46.5854264223747	45.8989783859943	47.6921367052497	65.0645458123105	52.1657786676008	78.9110511518858	134.515805137813	122.876010871235	129.223729592978	128.886035451749	101.253286320922	119.089039854086	131.543799738306	128.586391588038	129.87516685091	102.162487555597	128.604168248932	123.590655678453	131.673662338642	129.995238439211	123.159117215153	128.287870941608	113.105364162706	129.514606889432	77.360640232226	94.9086552753888	131.393877213399	124.17192496609	110.108153718414	129.124658318945	120.972839753581	96.5214936572023	121.010838365322
D675	38.2138441368929	35.7681925513486	42.4490473654244	42.2155675493118	38.2083068621665	46.0057269035026	32.7365009004034	41.3198852750432	0	51.4924581523791	35.3475842371233	44.2195463361423	35.025939184452	35.8237332344166	36.0931551363969	40.3701497062947	38.7806877039602	37.8978757416208	45.2109827650431	37.6202459428893	33.7390030088813	34.2371049347681	34.0806353965894	38.5287142284553	57.89234198343	48.1103894365555	65.2378898884798	123.034238472939	110.978357698609	118.71179215223	118.476526553563	88.6201679580017	104.576396052851	121.12728324111	118.296408532114	119.585183794987	91.3531163460323	117.876806791079	112.083358915712	120.812649107013	119.705255383288	112.448392255561	117.599479286095	102.342603550654	117.050254326788	66.5848627514194	87.6278950830823	121.103894157475	113.881941910166	98.2602076364813	118.640946299712	107.141040839832	85.4601873922998	108.766513129723
D699	55.2976703588481	52.7849859093331	62.646008132705	57.2974519362763	57.5440960398279	53.716762884542	59.2878305902986	55.9588420254923	51.4924581523791	0	56.1461799340371	61.6454944778264	49.9652318118801	49.0528607074388	50.8007583775654	52.5694864052918	55.7869741142808	57.7719016998649	64.3548414869049	57.5068849695873	50.0169196225476	51.7783529573421	53.0385792670226	49.6974977764352	66.5299997053249	57.0594784026282	74.1213407167288	117.204244772322	104.367009414008	111.186929399631	113.541499916198	89.6442980844155	105.22628416153	115.12764020025	113.341362198138	116.940078791283	90.2588957125534	114.938274755732	109.926536477333	118.350547762011	115.025121781203	111.354215860175	112.268887360275	96.9275161067895	111.309668747062	75.6129567138987	92.1243855054331	115.548649218386	111.529075119158	96.6596461247751	111.842781837848	114.276286506148	90.496239457528	104.648772202437
D700	37.4026451809464	31.5264210039054	46.0991491543044	42.458401021072	38.8352423059066	43.3560023280606	32.7497121921315	46.8925095550488	35.3475842371233	56.1461799340371	0	33.7702318970774	36.1437100726324	24.8327417871467	41.1125407310929	41.6079533145286	32.4675350768031	40.4830251367856	43.4769893018672	23.3532092506432	29.3958000667411	27.937205383457	27.6823741611515	36.7012451729304	58.7625346174522	38.7157383069999	66.9562782196664	125.8925925458	114.605475965425	121.570146225091	121.334880626424	91.5553155477777	105.129391105836	123.985637313972	121.154762604976	122.72973955513	94.2114704188938	120.735160863941	115.669799165495	123.595474420101	122.563609456149	115.376357095941	120.457833358956	105.200957623516	119.892811960654	69.4666197730057	87.2459780243273	123.962248230337	116.740295983028	101.153875343713	121.499300372573	109.341902576084	87.1875537150116	111.318838593469
D730	39.4288719586509	38.8535089299175	48.4506346139037	46.5982379950322	44.5406731463582	39.2067259939861	42.872996252746	49.0229054998559	44.2195463361423	61.6454944778264	33.7702318970774	0	39.4689732505668	33.1338596671781	49.132054105311	37.1692489861517	36.2707822760475	56.0772329650007	49.28396983634	36.7221143717008	32.0493649678171	31.0363523452105	31.4268973079413	38.6103611949001	52.7415017886198	41.0126635241478	59.4434093928397	109.933863998616	100.806827820173	106.143995023808	105.426076771687	78.153606791635	92.6125462236117	107.955685407165	105.379305403402	106.355690672495	78.4557088324564	104.79322717513	100.197905067739	107.507627224748	106.475762260796	100.172747277249	104.369986163603	89.2944426269068	105.252074335635	64.1898925967434	67.9335751278073	107.874401034984	100.77210665944	85.48916650748	105.567885684726	97.4749843355014	72.0819848027089	96.3878687983307
D766	27.5810967230063	34.003621503757	48.9501049026387	43.2561831741619	38.7457043509396	40.8736738730426	39.294553636262	50.3457577111098	35.025939184452	49.9652318118801	36.1437100726324	39.4689732505668	0	30.0709551137162	39.2097796345145	42.849962241596	29.1839891121523	43.3673962921483	50.2531189832445	39.8394049185749	28.3673941357832	33.4344865732417	27.0407151240217	38.0762203617025	52.10464588892	45.3025151827436	61.3471434367541	117.930821420474	105.646223984756	113.608375099765	113.373109501098	83.1466057288623	99.6038421709931	116.023866188646	113.19299147965	114.481766742522	86.6840121360535	112.773389738615	106.822870137445	115.633703294775	114.601838330823	107.506677797187	112.49606223363	97.3004827245513	111.931040835328	69.3533330378262	88.9228651180613	116.000477105011	108.778524857702	93.1185303061843	113.824277574156	102.729706930206	80.1248194906574	103.357067468144
D821	34.8136780090068	33.9012610853167	47.3705496531483	42.3150926011328	36.6738722883644	37.7790578830939	38.3336035206475	46.9793981243588	35.8237332344166	49.0528607074388	24.8327417871467	33.1338596671781	30.0709551137162	0	42.4836954129411	37.2615311433456	28.0823944897089	45.7258547544931	49.1271532153655	28.397541552018	26.9957128909476	25.7980777609965	23.109125296338	35.2147987544151	57.3293269948285	39.0196966912605	65.7371614334517	125.888424694224	113.420447721806	121.565978373515	121.330712774848	91.2291313418596	105.285768032815	123.981469462395	121.1505947534	122.529160682474	94.6490625063875	120.730993012365	115.270979367994	123.591306568525	122.559441604573	115.302578476846	120.45366550738	105.19678977194	119.888644109078	72.3974765393929	87.5722727620142	123.958080378761	116.736128131452	100.360479474478	121.495132520997	109.77698259852	87.0665861471618	111.314670741893
D872	38.0810148743963	32.9621532847312	54.5255433561148	49.9752709752257	45.0181447431637	45.5056290005346	40.9005531823685	46.5797765259927	36.0931551363969	50.8007583775654	41.1125407310929	49.132054105311	39.2097796345145	42.4836954129411	0	39.4838582247238	44.0902748740663	31.9323924107355	53.3950924977038	43.7021067004461	39.5366498326923	43.969714095072	41.1965894725963	40.3360393939782	56.5236013922354	48.4293193218003	68.2335017100535	118.662660762204	106.194683789786	114.340214441496	114.104948842829	87.1606999173747	102.586273497269	117.042186279755	113.92483082138	115.234495719576	87.9510892330836	114.58322208181	108.545174788935	117.591751582278	115.989925238956	108.714195590017	113.671781798683	98.9110330984115	112.696088852833	65.1282792288472	89.2133870746117	116.732316446741	110.659153284786	94.3738973207455	114.269368588977	110.473780916768	84.1776306481017	105.839844284582
D882	43.0138580686007	40.6000552006529	47.4442131704682	49.5933141938924	46.1172923242386	37.5176196389709	44.0380126344424	47.8952870302752	40.3701497062947	52.5694864052918	41.6079533145286	37.1692489861517	42.849962241596	37.2615311433456	39.4838582247238	0	40.163587074133	42.1722603500766	54.0234644533903	41.8466659845214	38.084703095965	37.1772011711132	38.6607549683405	46.4850057885131	56.5003677861937	46.2607135888037	70.6128286875672	118.566553368151	108.840984554361	114.492194144927	113.881396003731	85.0237938638088	98.4543812349027	116.532152691278	114.248975771794	114.990053245155	88.9977094257048	113.613512318341	108.700097553352	116.141989797407	115.247989269326	107.853261705729	113.239452163886	98.4234386226754	112.613819924479	64.4902021627406	81.2828824705143	116.508763607643	109.286811360334	95.764642845884	114.04581574988	103.750320379018	81.4079457922718	104.075614175967
D883	34.1557314668622	30.2342151033249	43.5431507942546	44.0587883645831	32.8780263592839	41.8221839720076	37.8170309358784	48.7192770398308	38.7806877039602	55.7869741142808	32.4675350768031	36.2707822760475	29.1839891121523	28.0823944897089	44.0902748740663	40.163587074133	0	42.8943569655377	52.1322681341579	35.5565353744349	26.7382569455227	34.2271383841595	29.2025219662407	38.0369347403768	50.7314298308791	39.6187080870024	63.5024337116896	120.211678364707	108.461595136262	116.077927219079	115.862079888705	87.1458856739344	99.982254341562	118.304723132879	115.473848423883	116.762623686755	89.2442521945349	115.054246682848	109.953012942949	117.914560239008	116.882695275056	109.625832147329	114.776919177863	99.6596891716819	114.211897779561	67.9972007153499	82.9089365755092	118.281334049244	111.059381801935	95.3818351826169	115.81838619148	102.777974534425	81.1133281339405	105.637924412376
D914	44.0038836314708	37.4132383822073	51.1475819816383	48.2616399018969	45.7376104589238	48.0557750444604	39.1936504031844	43.6584106758086	37.8978757416208	57.7719016998649	40.4830251367856	56.0772329650007	43.3673962921483	45.7258547544931	31.9323924107355	42.1722603500766	42.8943569655377	0	56.6116268943991	43.1601210955463	41.7025872210858	46.6926389004647	48.1216655364391	42.4536168028335	61.0887936358446	51.844029034237	71.7646789903799	124.353829607422	112.753821042762	120.383068929653	119.796117688047	91.3241159885112	105.769090063985	122.529832111937	120.552277430736	122.357378666073	96.4253213478977	119.196397925563	114.124735437919	122.211647970347	121.050045934045	113.767983390044	119.561400218105	105.007316334876	118.354049022277	67.8240385200306	95.1410346851978	122.423485291959	115.264609375172	103.42165985945	120.330698971219	109.204066134986	88.7809010372751	111.353186588272
D916	51.3066319024618	50.1377375362791	48.1907577927687	48.9127030530007	50.4664463766306	66.0733426973772	43.1216128222955	60.7925982155289	45.2109827650431	64.3548414869049	43.4769893018672	49.28396983634	50.2531189832445	49.1271532153655	53.3950924977038	54.0234644533903	52.1322681341579	56.6116268943991	0	49.7991565597061	42.9137952197801	44.9627680123942	45.7118273581536	50.1881726185973	60.5147538796425	55.0608573217593	64.3733983312522	118.099405732545	106.875718004983	112.797508390438	113.110291380045	83.3237392305805	97.4634455769727	114.538584056118	111.876485332538	113.263244247535	88.411681784534	112.919224065451	107.146539726301	114.415483947496	113.163699518017	108.139247249778	111.521242668288	96.6432760081846	110.4457587028	69.694900572902	90.4429489444487	114.515194972483	109.020224063284	93.3540251331465	112.052247114719	100.352050248817	83.4836016357234	103.218964570504
D917	38.9196998749326	36.266825339261	47.8962768392625	44.3297027720406	41.8058184582995	44.7910150973845	36.938086258261	46.7096052046904	37.6202459428893	57.5068849695873	23.3532092506432	36.7221143717008	39.8394049185749	28.397541552018	43.7021067004461	41.8466659845214	35.5565353744349	43.1601210955463	49.7991565597061	0	33.7361947404649	30.9976391387918	28.3418327466363	39.1198879934572	58.894426600612	35.3567322124459	70.4536260424982	127.790047267157	116.732706837414	123.286815905028	123.051550306361	94.1235174385558	107.654141765921	125.702306993908	122.871432284912	124.192385906221	95.92814009883	122.451830543877	117.502588814689	125.312144100037	124.280279136086	117.197275955548	122.174503038892	106.917627303452	121.60948164059	73.5264628711281	90.0790444866319	125.678917910273	118.456965662964	102.560962304186	123.215970052509	110.923391896201	90.7029485386141	113.035508273406
D963	29.3779333341938	30.5866104302845	40.7501150582978	43.0462930643776	33.4714268114914	38.8703830249299	34.892303365677	49.4482238438654	33.7390030088813	50.0169196225476	29.3958000667411	32.0493649678171	28.3673941357832	26.9957128909476	39.5366498326923	38.084703095965	26.7382569455227	41.7025872210858	42.9137952197801	33.7361947404649	0	31.4586818291155	26.9309368762726	36.0688883125112	50.7147561951189	40.0313962981944	57.2204511479498	113.756985674561	102.167570930966	109.434539353853	109.199273755186	80.4584367419061	93.2637115722683	111.850030442733	109.019155733737	110.307930996609	82.6794751040779	108.599553992702	102.985546274187	111.459867548862	110.428002584911	103.171139457183	108.322226487717	93.2857330440645	107.757205089416	63.2821250751452	77.702309162501	111.826641359098	104.604689111789	88.5343873932982	109.363693501334	99.2052150575744	76.1585499447211	99.1832317222307
D967	39.2860097113554	35.5963094677228	45.6168125081985	36.2490993918416	37.5439625493764	35.7605305914195	36.0861928103492	46.5854264223747	34.2371049347681	51.7783529573421	27.937205383457	31.0363523452105	33.4344865732417	25.7980777609965	43.969714095072	37.1772011711132	34.2271383841595	46.6926389004647	44.9627680123942	30.9976391387918	31.4586818291155	0	27.3232889842796	36.2080503763684	54.6645025682168	40.1435918130357	61.2865686818546	116.484352083838	106.515320399002	112.224027617828	111.926640164463	83.1687097514723	96.788344838744	114.57739685201	111.746522143014	113.129270435275	86.1849997687699	111.326920401979	105.62382014046	114.187233958139	113.155368994188	106.754511330272	111.049592896995	95.792717161554	110.484571498693	65.5980461609852	80.2970490832492	114.554007768375	107.332055521066	91.0140605143088	112.091059910612	100.592983374101	78.9548793764241	101.910598131508
D968	30.4125680318707	31.7236101583911	44.1117918243669	38.2948234766826	36.7695298993536	42.0995432610251	35.2339099715762	45.8989783859943	34.0806353965894	53.0385792670226	27.6823741611515	31.4268973079413	27.0407151240217	23.109125296338	41.1965894725963	38.6607549683405	29.2025219662407	48.1216655364391	45.7118273581536	28.3418327466363	26.9309368762726	27.3232889842796	0	36.1851661197299	53.7588404726835	37.9042536070195	61.0381107666753	119.35911682147	106.891139849052	115.173869506036	114.801404902094	84.3105926658959	100.830440213368	117.452161589641	114.892930304903	116.507007856845	88.0997927992243	114.201685139611	109.037957951509	117.061998695771	116.030133731819	108.773270604092	113.924357634626	99.4852032934041	113.359336236324	70.1551127318932	86.3235601476435	117.428772506007	110.206820258698	94.8038721282973	114.965824648243	104.897551358992	80.5059776633994	104.859138704275
D98	38.7661750655304	32.0925480745852	42.7061012005165	44.4453668591312	39.3837892542367	43.7709413010115	38.2322642383964	47.6921367052497	38.5287142284553	49.6974977764352	36.7012451729304	38.6103611949001	38.0762203617025	35.2147987544151	40.3360393939782	46.4850057885131	38.0369347403768	42.4536168028335	50.1881726185973	39.1198879934572	36.0688883125112	36.2080503763684	36.1851661197299	0	47.1195890787899	40.2920677172001	57.4044023211861	109.487707734795	99.9334368562761	105.610766253909	104.877276363997	76.8864008225229	91.2741294522812	107.528033051544	104.697158342548	105.985933605421	78.3885774124689	104.530515247777	99.024804660555	107.694559025064	106.106005193722	98.8491420659944	104.000229096528	88.8764115854648	103.982833688823	63.5135931532995	80.1874385989658	107.504643967909	100.2826917206	85.578417876695	105.041696110146	95.7009309934563	73.5624652177013	94.8612343310418
Dal2324	53.5097339158585	51.1590327993445	53.3811361948764	57.2823314287896	55.3658607003737	64.3325701765097	52.6089029653935	65.0645458123105	57.89234198343	66.5299997053249	58.7625346174522	52.7415017886198	52.10464588892	57.3293269948285	56.5236013922354	56.5003677861937	50.7314298308791	61.0887936358446	60.5147538796425	58.894426600612	50.7147561951189	54.6645025682168	53.7588404726835	47.1195890787899	0	51.7404398427328	46.6919429246497	81.5556686413912	75.5439848733071	80.1815754283618	79.228945294699	56.3033566583871	64.3611627769169	80.1202001895137	76.5022181541161	80.9082843389931	55.1843570974745	78.2657305325695	74.4740361165883	84.282573538106	80.1565572651353	73.886804233434	77.5009483128773	64.5690502536436	76.3372175192299	53.2423862398191	66.2138006088822	80.2304062753427	72.8124550652889	59.3083311379703	76.0799557363081	71.5371755708271	54.9498720229557	69.241389612154
Dal28198	43.6523079999509	38.4846824332138	42.3377018611955	47.7412098757531	46.2547748065288	49.0610887262796	39.9758495573371	52.1657786676008	48.1103894365555	57.0594784026282	38.7157383069999	41.0126635241478	45.3025151827436	39.0196966912605	48.4293193218003	46.2607135888037	39.6187080870024	51.844029034237	55.0608573217593	35.3567322124459	40.0313962981944	40.1435918130357	37.9042536070195	40.2920677172001	51.7404398427328	0	65.6832682557665	117.640573293221	107.122578720342	112.828644945753	112.904076362721	83.3854088320398	96.1643404620752	115.020586670211	112.644575359148	114.654060553892	85.8689166033656	112.106433609453	108.071714502453	114.932886412877	113.600786923086	106.706338798249	111.654931778775	96.2359069797551	111.106741215591	65.7344184314836	82.2813794190811	114.997197586576	107.775245339267	92.2996918979319	112.534249728813	99.7802249944436	79.4425201576057	102.353787949709
DC1423	65.7020195699348	62.6741876671794	64.6378460120182	57.3394804718922	59.6255697053864	69.8970141059524	61.878657075891	78.9110511518858	65.2378898884798	74.1213407167288	66.9562782196664	59.4434093928397	61.3471434367541	65.7371614334517	68.2335017100535	70.6128286875672	63.5024337116896	71.7646789903799	64.3733983312522	70.4536260424982	57.2204511479498	61.2865686818546	61.0381107666753	57.4044023211861	46.6919429246497	65.6832682557665	0	66.1760543838702	55.4790752557502	63.0030395203602	61.0038376600306	43.2910981939432	52.7495921970386	61.3199990754716	61.0539788873459	64.7663053403472	45.7570499622237	59.7879971538928	56.5430675218785	63.9446189275124	60.1891605395297	59.0450619571616	62.4976635103054	49.4523492899323	59.9754126015404	54.5812132372003	68.0136260409384	62.3475749195304	57.5383092290921	51.7012697484884	61.6920848905316	58.1132344873594	47.7535478764501	54.9100772495728
C1438	120.246093525722	117.748992106802	116.759582294363	107.240021771006	115.372454923619	119.746906178842	114.475532879565	134.515805137813	123.034238472939	117.204244772322	125.8925925458	109.933863998616	117.930821420474	125.888424694224	118.662660762204	118.566553368151	120.211678364707	124.353829607422	118.099405732545	127.790047267157	113.756985674561	116.484352083838	119.35911682147	109.487707734795	81.5556686413912	117.640573293221	66.1760543838702	0	36.8153715850103	25.2325864574692	29.1547597978071	51.165535719843	41.4118737849583	28.4568984095244	32.5919027451881	36.366211487617	39.3444047226854	28.0118061175558	34.1599231826009	31.955934646743	31.2233586792728	33.0327759511165	24.1343575520662	37.3721350901297	35.5092369377867	69.8956448733334	67.7585410391262	27.3776408122503	30.01235711037	40.4848289226864	25.0968031300017	57.1254325818737	48.6063903635698	31.4110571793689
C155	109.04495761762	105.109886939475	107.44966282448	98.9921480650213	102.48394870027	107.587202094098	102.747341663728	122.876010871235	110.978357698609	104.367009414008	114.605475965425	100.806827820173	105.646223984756	113.420447721806	106.194683789786	108.840984554361	108.461595136262	112.753821042762	106.875718004983	116.732706837414	102.167570930966	106.515320399002	106.891139849052	99.9334368562761	75.5439848733071	107.122578720342	55.4790752557502	36.8153715850103	0	32.4936122332883	34.335683222442	41.1355379347015	40.0038255200644	28.5524163480675	39.5557124547227	39.2142215061123	39.2777538679648	35.1593583989751	39.4303788018843	38.4190198643934	31.501856163849	32.9040853149213	31.2673108721373	30.9104930397822	29.0938482602106	62.1857915227075	69.9986075263471	30.7522576988069	31.6651744123196	43.0994607132867	31.0076597783118	49.4553675697331	46.9823525844696	34.5700562571211
C1586	115.910014172056	113.130413615185	112.598148520668	104.323569022784	110.277031162593	115.891505724865	110.579344040376	129.223729592978	118.71179215223	111.186929399631	121.570146225091	106.143995023808	113.608375099765	121.565978373515	114.340214441496	114.492194144927	116.077927219079	120.383068929653	112.797508390438	123.286815905028	109.434539353853	112.224027617828	115.173869506036	105.610766253909	80.1815754283618	112.828644945753	63.0030395203602	25.2325864574692	32.4936122332883	0	33.2489918307518	48.8150371966473	38.958113751493	30.038574698044	33.3089965722779	36.2009558019031	42.8987266496215	27.6273533034214	35.9504009911245	31.7274012406804	30.4498676111176	35.5104533447571	25.1848952341462	36.4473177932566	37.0812804822278	71.2990227039572	73.8914451612455	26.360611952324	31.5174549696469	42.6621027152379	28.9133888063611	55.2041871073081	49.1484189360491	30.8091096569361
C1587	115.674748573389	112.895148016518	113.107682557646	101.954624397934	110.603107614441	115.189194259466	109.635955469239	128.886035451749	118.476526553563	113.541499916198	121.334880626424	105.426076771687	113.373109501098	121.330712774848	114.104948842829	113.881396003731	115.862079888705	119.796117688047	113.110291380045	123.051550306361	109.199273755186	111.926640164463	114.801404902094	104.877276363997	79.228945294699	112.904076362721	61.0038376600306	29.1547597978071	34.335683222442	33.2489918307518	0	47.5018385602419	41.2377492774365	24.9253272792066	28.3351223347968	29.9286033293972	37.4980373951874	25.0713437228406	26.2252973423283	26.220565237021	22.660507148929	27.7629047806247	30.0414289137603	36.5260861807508	24.736355669781	65.7383200440677	67.66783699626	27.1923502028376	20.3779741911642	36.4506395859494	29.6880285643952	52.2917194106202	49.258937523784	29.2706002141068
C1588	85.3686948671435	83.9442948733363	82.5297753530939	78.4591991891018	83.2655011057395	90.121399981485	80.5281672669351	101.253286320922	88.6201679580017	89.6442980844155	91.5553155477777	78.153606791635	83.1466057288623	91.2291313418596	87.1606999173747	85.0237938638088	87.1458856739344	91.3241159885112	83.3237392305805	94.1235174385558	80.4584367419061	83.1687097514723	84.3105926658959	76.8864008225229	56.3033566583871	83.3854088320398	43.2910981939432	51.165535719843	41.1355379347015	48.8150371966473	47.5018385602419	0	39.5425088222565	42.2686921190769	47.9621642114654	50.2332961574543	38.9306678253338	48.8158213320014	41.8027850958644	52.199745071613	45.5047580317586	46.0661243640632	44.7366954621044	34.298889624694	46.1543446111313	44.9733819729606	63.244198521191	43.3592416703324	41.4133600792757	46.7277727878882	45.0331379694634	55.7981093814544	42.5992897460864	38.7413922920022
C1621	102.195989673824	97.3303223202535	96.8349710260016	88.9058910610563	95.9546311645552	105.006480725959	94.4601324683598	119.089039854086	104.576396052851	105.22628416153	105.129391105836	92.6125462236117	99.6038421709931	105.285768032815	102.586273497269	98.4543812349027	99.982254341562	105.769090063985	97.4634455769727	107.654141765921	93.2637115722683	96.788344838744	100.830440213368	91.2741294522812	64.3611627769169	96.1643404620752	52.7495921970386	41.4118737849583	40.0038255200644	38.958113751493	41.2377492774365	39.5425088222565	0	41.4272538728706	41.9114605833367	44.0000928934632	43.7081937363203	40.3762185112479	37.2465853948586	42.6903868707563	38.25529158119	36.9823461219562	43.724667678364	40.9769069781228	42.6407696639731	59.9693837085568	68.7153683987336	39.3144752168285	34.1955566924739	53.8042890643968	44.5240363546611	37.7732816424978	53.4707897420234	38.754603710887
C1622	118.325505260936	115.545904704065	114.731040094889	105.319499059015	112.692522251473	118.481461885863	112.534168369857	131.543799738306	121.12728324111	115.12764020025	123.985637313972	107.955685407165	116.023866188646	123.981469462395	117.042186279755	116.532152691278	118.304723132879	122.529832111937	114.538584056118	125.702306993908	111.850030442733	114.57739685201	117.452161589641	107.528033051544	80.1202001895137	115.020586670211	61.3199990754716	28.4568984095244	28.5524163480675	30.038574698044	24.9253272792066	42.2686921190769	41.4272538728706	0	29.1138771537655	32.5467602062566	39.1740430196701	29.4971360945539	28.6596139300687	30.6076086808935	20.9146573778753	30.3674398297927	30.4870078699971	33.2726321669882	29.4838114728633	63.8810264243031	68.5537797699491	22.2434558897406	24.6694061665791	41.878188237639	27.8312046156915	50.2834051643839	46.5149745494961	26.7265257324539
C1623	116.568157364935	112.715029995069	112.628397107793	103.645801964216	109.861647542478	115.009076238017	109.792013046482	128.586391588038	118.296408532114	113.341362198138	121.154762604976	105.379305403402	113.19299147965	121.1505947534	113.92483082138	114.248975771794	115.473848423883	120.552277430736	111.876485332538	122.871432284912	109.019155733737	111.746522143014	114.892930304903	104.697158342548	76.5022181541161	112.644575359148	61.0539788873459	32.5919027451881	39.5557124547227	33.3089965722779	28.3351223347968	47.9621642114654	41.9114605833367	29.1138771537655	0	27.4076749527057	42.5965274329253	28.8799452263679	29.7790842438694	35.3062463673241	26.8697106021581	34.4557515491774	33.5064325758459	41.6752700195232	33.5745422059487	66.0267510018074	64.906285860982	30.1934492233216	27.3743993071911	39.6591535137639	32.9198961077971	49.7963761545172	49.3135234120328	29.220711940244
C1624	117.309761383328	114.074765360184	114.466628376879	105.804987151017	111.15042280535	116.70740499422	111.523701055219	129.87516685091	119.585183794987	116.940078791283	122.72973955513	106.355690672495	114.481766742522	122.529160682474	115.234495719576	114.990053245155	116.762623686755	122.357378666073	113.263244247535	124.192385906221	110.307930996609	113.129270435275	116.507007856845	105.985933605421	80.9082843389931	114.654060553892	64.7663053403472	36.366211487617	39.2142215061123	36.2009558019031	29.9286033293972	50.2332961574543	44.0000928934632	32.5467602062566	27.4076749527057	0	43.4129512444138	31.4915219421486	32.7964137080774	31.709375710377	28.3664648311994	31.8952552525762	36.36457367462	40.6332043785699	36.1668981561886	62.8409490040221	67.9948939357566	31.0929624972084	32.1280417303016	39.9293656704498	35.73077782687	50.9944907531269	52.0503181023716	31.7911517355396
C1626	88.5513383658583	85.9003389850034	87.3094169608549	79.2845231885919	84.9381576138379	88.7303045746663	83.5851473870723	102.162487555597	91.3531163460323	90.2588957125534	94.2114704188938	78.4557088324564	86.6840121360535	94.6490625063875	87.9510892330836	88.9977094257048	89.2442521945349	96.4253213478977	88.411681784534	95.92814009883	82.6794751040779	86.1849997687699	88.0997927992243	78.3885774124689	55.1843570974745	85.8689166033656	45.7570499622237	39.3444047226854	39.2777538679648	42.8987266496215	37.4980373951874	38.9306678253338	43.7081937363203	39.1740430196701	42.5965274329253	43.4129512444138	0	38.978180617394	40.4135433127603	41.7507520346148	41.0928087525813	38.1088919462011	38.9697296858583	26.8777711718816	43.3901940058268	49.178617225587	54.5878329244618	39.6918164434904	35.8418797782773	30.7717764284302	34.9677018191945	57.7121291600135	30.4570624269543	32.8156850704934
C1627	115.075028810905	112.295428254034	111.456828280468	101.997083183057	109.442045801443	115.071245132598	109.036235706755	128.604168248932	117.876806791079	114.938274755732	120.735160863941	104.79322717513	112.773389738615	120.730993012365	114.58322208181	113.613512318341	115.054246682848	119.196397925563	112.919224065451	122.451830543877	108.599553992702	111.326920401979	114.201685139611	104.530515247777	78.2657305325695	112.106433609453	59.7879971538928	28.0118061175558	35.1593583989751	27.6273533034214	25.0713437228406	48.8158213320014	40.3762185112479	29.4971360945539	28.8799452263679	31.4915219421486	38.978180617394	0	30.3479975215624	17.9946949882675	24.5347792036001	29.2489286017502	32.1695239853759	36.2692939535235	28.3027646448709	69.7340156279678	69.243540472576	28.9159923954886	23.7055339012278	41.7134245657775	30.3499061985845	51.1563226339927	47.601713771146	26.2566787065571
C1628	110.197448620606	107.754970571813	108.341737938379	97.087330079472	104.983491712861	110.795820323775	104.137084398226	123.590655678453	112.083358915712	109.926536477333	115.669799165495	100.197905067739	106.822870137445	115.270979367994	108.545174788935	108.700097553352	109.953012942949	114.124735437919	107.146539726301	117.502588814689	102.985546274187	105.62382014046	109.037957951509	99.024804660555	74.4740361165883	108.071714502453	56.5430675218785	34.1599231826009	39.4303788018843	35.9504009911245	26.2252973423283	41.8027850958644	37.2465853948586	28.6596139300687	29.7790842438694	32.7964137080774	40.4135433127603	30.3479975215624	0	33.6117407018968	31.2557351789186	28.9160965953174	37.4678432004783	38.8021442763277	33.5431468774722	61.1630648207214	70.8466022096347	28.6954590858035	30.4610170075311	42.8450115001912	35.0374134194676	46.5973861919498	49.4502115391503	27.5264476119057
C1629	117.935342367065	115.155741810194	116.59741378715	104.870805814574	112.302359357603	117.449788053142	111.896549262915	131.673662338642	120.812649107013	118.350547762011	123.595474420101	107.507627224748	115.633703294775	123.591306568525	117.591751582278	116.141989797407	117.914560239008	122.211647970347	114.415483947496	125.312144100037	111.459867548862	114.187233958139	117.061998695771	107.694559025064	84.282573538106	114.932886412877	63.9446189275124	31.955934646743	38.4190198643934	31.7274012406804	26.220565237021	52.199745071613	42.6903868707563	30.6076086808935	35.3062463673241	31.709375710377	41.7507520346148	17.9946949882675	33.6117407018968	0	26.3327068298498	33.1515666132156	35.1045526938896	37.746035629491	30.1143681514081	72.3693153863435	73.7240689902604	29.7811775403008	29.5796073553551	43.8340030515119	34.288968911454	52.7229850909887	50.6362728540524	29.4227183874894
C1630	116.903477403114	114.123876846243	114.2482261388	103.28966407961	111.270494393651	116.926571988502	110.864684298964	129.995238439211	119.705255383288	115.025121781203	122.563609456149	106.475762260796	114.601838330823	122.559441604573	115.989925238956	115.247989269326	116.882695275056	121.050045934045	113.163699518017	124.280279136086	110.428002584911	113.155368994188	116.030133731819	106.106005193722	80.1565572651353	113.600786923086	60.1891605395297	31.2233586792728	31.501856163849	30.4498676111176	22.660507148929	45.5047580317586	38.25529158119	20.9146573778753	26.8697106021581	28.3664648311994	41.0928087525813	24.5347792036001	31.2557351789186	26.3327068298498	0	30.2349744057683	32.9819374256846	35.528434243544	27.8818432670852	67.0730465571869	69.9420299835216	25.6397614254332	25.9452521740593	45.3339374184233	32.089212603322	47.2053012176283	47.760846478061	29.3064368486888
C170	109.646614275387	106.867013718516	108.273670618655	96.9707921557232	104.182504649745	110.650593032002	103.853083862786	123.159117215153	112.448392255561	111.354215860175	115.376357095941	100.172747277249	107.506677797187	115.302578476846	108.714195590017	107.853261705729	109.625832147329	113.767983390044	108.139247249778	117.197275955548	103.171139457183	106.754511330272	108.773270604092	98.8491420659944	73.886804233434	106.706338798249	59.0450619571616	33.0327759511165	32.9040853149213	35.5104533447571	27.7629047806247	46.0661243640632	36.9823461219562	30.3674398297927	34.4557515491774	31.8952552525762	38.1088919462011	29.2489286017502	28.9160965953174	33.1515666132156	30.2349744057683	0	34.6777966349699	35.3718592620318	32.3953908245738	61.3708702033507	71.9924848850633	29.8071394755749	26.7205006185479	42.6238340809088	35.049646412979	47.407921195899	48.7449791312805	28.7383197498314
C1895	114.797701305921	112.01810074905	111.179500775484	104.180924845615	109.164718296458	114.312146991998	108.758908201771	128.287870941608	117.599479286095	112.268887360275	120.457833358956	104.369986163603	112.49606223363	120.45366550738	113.671781798683	113.239452163886	114.776919177863	119.561400218105	111.521242668288	122.174503038892	108.322226487717	111.049592896995	113.924357634626	104.000229096528	77.5009483128773	111.654931778775	62.4976635103054	24.1343575520662	31.2673108721373	25.1848952341462	30.0414289137603	44.7366954621044	43.724667678364	30.4870078699971	33.5064325758459	36.36457367462	38.9697296858583	32.1695239853759	37.4678432004783	35.1045526938896	32.9819374256846	34.6777966349699	0	32.9723054423504	34.7358430416672	65.9934103246379	67.4526357615409	22.9025634302767	30.6906049362783	37.0599557271727	23.617942473776	55.3052263064781	45.0269819507592	32.7701458122736
